1000, 0.3, 0.7, 245, 0.4
1, 8, 3, 1, 9, 2, 5, 0, 2
2, 0, 8, 7, 0, 9, 0, 5, 8
3, 1, 4, 0, 1, 1, 4, 8, 7
4, 5, 8, 2, 1, 9, 1, 5, 2
5, 7, 2, 1, 9, 4, 7, 5, 3
6, 0, 1, 7, 1, 8, 8, 2, 8
7, 2, 2, 8, 7, 9, 1, 5, 7
8, 1, 1, 1, 6, 6, 1, 4, 3
9, 0, 4, 7, 2, 5, 5, 9, 6
10, 9, 4, 2, 2, 3, 1, 3, 2
11, 1, 8, 3, 5, 6, 0, 7, 9
12, 1, 9, 1, 2, 7, 7, 1, 9
13, 8, 6, 1, 4, 4, 6, 6, 0
14, 2, 9, 7, 1, 8, 1, 7, 6
15, 8, 3, 9, 7, 2, 1, 2, 7
16, 6, 8, 6, 4, 7, 5, 3, 3
17, 8, 7, 8, 0, 9, 2, 7, 3
18, 7, 4, 7, 0, 1, 8, 0, 8
19, 9, 6, 7, 6, 8, 1, 5, 1
20, 7, 2, 7, 2, 6, 9, 4, 0
21, 2, 4, 5, 2, 6, 6, 4, 6
22, 3, 7, 8, 2, 8, 4, 2, 8
23, 7, 1, 2, 5, 1, 4, 8, 3
24, 6, 8, 7, 9, 1, 3, 0, 8
25, 2, 8, 1, 4, 6, 4, 7, 1
26, 7, 3, 9, 2, 7, 2, 2, 3
27, 0, 5, 2, 1, 5, 9, 7, 8
28, 9, 1, 1, 6, 3, 1, 8, 4
29, 4, 7, 6, 9, 5, 5, 8, 8
30, 9, 0, 5, 9, 3, 2, 0, 8
31, 7, 7, 2, 3, 7, 7, 9, 4
32, 2, 8, 4, 2, 8, 3, 0, 0
33, 2, 8, 7, 1, 3, 7, 5, 4
34, 3, 0, 7, 9, 8, 5, 2, 9
35, 1, 2, 0, 9, 2, 2, 7, 9
36, 6, 9, 0, 1, 4, 2, 5, 0
37, 6, 3, 9, 5, 9, 9, 8, 7
38, 8, 5, 7, 7, 0, 5, 0, 1
39, 2, 8, 3, 0, 5, 1, 8, 4
40, 0, 9, 8, 2, 3, 7, 0, 0
41, 4, 2, 6, 0, 6, 1, 1, 8
42, 2, 4, 2, 6, 5, 4, 7, 6
43, 2, 2, 6, 2, 0, 7, 7, 0
44, 0, 1, 7, 1, 1, 5, 1, 8
45, 6, 4, 8, 0, 0, 6, 4, 8
46, 5, 7, 7, 3, 4, 3, 1, 8
47, 3, 0, 9, 2, 6, 5, 6, 4
48, 5, 4, 7, 5, 4, 4, 8, 3
49, 9, 1, 4, 1, 3, 7, 0, 1
50, 8, 7, 2, 2, 0, 3, 4, 5
51, 6, 6, 7, 3, 3, 7, 4, 9
52, 0, 9, 7, 9, 2, 3, 0, 7
53, 8, 0, 6, 1, 1, 5, 7, 0
54, 9, 5, 7, 0, 5, 0, 5, 3
55, 9, 5, 1, 2, 6, 2, 2, 1
56, 7, 3, 5, 7, 1, 4, 8, 1
57, 0, 5, 2, 7, 5, 0, 1, 2
58, 7, 9, 5, 4, 0, 7, 5, 0
59, 8, 3, 9, 4, 1, 4, 3, 9
60, 9, 6, 6, 4, 6, 1, 9, 9
61, 1, 9, 0, 1, 7, 4, 6, 7
62, 3, 1, 2, 4, 4, 1, 9, 7
63, 5, 0, 2, 6, 2, 7, 5, 7
64, 7, 6, 8, 9, 7, 2, 3, 1
65, 2, 0, 3, 3, 9, 4, 1, 6
66, 5, 2, 0, 7, 8, 8, 3, 2
67, 6, 9, 9, 3, 4, 9, 1, 5
68, 0, 0, 0, 1, 3, 3, 1, 4
69, 6, 2, 4, 2, 8, 1, 6, 3
70, 0, 2, 9, 3, 7, 5, 1, 9
71, 8, 1, 4, 2, 5, 4, 1, 0
72, 3, 3, 4, 8, 1, 1, 6, 7
73, 8, 1, 6, 8, 4, 3, 4, 0
74, 9, 2, 1, 7, 2, 7, 8, 9
75, 0, 6, 7, 3, 8, 4, 7, 4
76, 4, 7, 6, 1, 4, 1, 7, 3
77, 0, 9, 1, 9, 1, 0, 1, 1
78, 3, 7, 6, 9, 8, 2, 8, 9
79, 6, 9, 7, 0, 8, 1, 1, 5
80, 2, 6, 7, 9, 0, 0, 2, 7
81, 0, 1, 5, 8, 1, 3, 7, 0
82, 7, 6, 6, 2, 3, 8, 5, 3
83, 6, 6, 9, 9, 0, 8, 0, 9
84, 8, 6, 5, 7, 2, 7, 8, 1
85, 0, 3, 3, 5, 3, 1, 0, 2
86, 1, 0, 2, 1, 2, 3, 3, 8
87, 0, 0, 1, 9, 3, 3, 0, 2
88, 9, 6, 1, 4, 8, 5, 9, 9
89, 3, 1, 7, 3, 8, 2, 0, 3
90, 2, 7, 8, 8, 4, 6, 4, 0
91, 4, 9, 8, 3, 7, 6, 0, 8
92, 3, 2, 1, 8, 3, 2, 6, 7
93, 6, 9, 5, 3, 4, 4, 6, 1
94, 5, 0, 7, 5, 8, 0, 5, 9
95, 5, 6, 4, 6, 2, 2, 8, 7
96, 2, 4, 3, 1, 0, 1, 0, 0
97, 4, 1, 0, 3, 5, 8, 8, 2
98, 7, 8, 7, 8, 3, 4, 1, 5
99, 1, 7, 7, 9, 2, 1, 3, 5
100, 6, 4, 0, 4, 1, 4, 8, 8
101, 2, 9, 7, 4, 3, 3, 4, 8
102, 8, 8, 5, 3, 9, 5, 4, 0
103, 7, 3, 0, 9, 9, 0, 0, 0
104, 7, 2, 5, 7, 4, 1, 7, 0
105, 5, 0, 1, 5, 6, 2, 8, 1
106, 5, 9, 7, 2, 0, 6, 7, 7
107, 4, 8, 9, 3, 8, 6, 1, 7
108, 7, 2, 5, 6, 3, 0, 9, 6
109, 7, 7, 5, 8, 0, 5, 4, 3
110, 2, 2, 9, 3, 7, 8, 6, 2
111, 6, 0, 0, 0, 6, 0, 8, 2
112, 2, 3, 4, 7, 5, 2, 2, 9
113, 8, 6, 4, 4, 9, 4, 8, 1
114, 0, 9, 7, 7, 5, 5, 6, 0
115, 1, 6, 8, 2, 8, 6, 1, 8
116, 8, 4, 2, 5, 0, 7, 8, 2
117, 7, 7, 5, 5, 6, 7, 1, 0
118, 0, 1, 3, 2, 1, 2, 2, 4
119, 2, 0, 6, 9, 6, 0, 9, 4
120, 3, 2, 0, 1, 4, 4, 9, 7
121, 2, 5, 9, 8, 8, 2, 1, 1
122, 7, 7, 7, 2, 5, 4, 9, 1
123, 3, 2, 5, 6, 8, 5, 7, 7
124, 0, 1, 1, 9, 7, 7, 6, 4
125, 7, 5, 6, 4, 0, 9, 5, 2
126, 7, 7, 0, 8, 8, 3, 9, 6
127, 7, 9, 8, 0, 4, 6, 3, 8
128, 1, 8, 7, 9, 6, 4, 8, 7
129, 2, 6, 8, 6, 8, 3, 9, 2
130, 1, 5, 0, 1, 8, 2, 1, 9
131, 1, 4, 8, 4, 5, 7, 3, 5
132, 3, 8, 9, 8, 5, 9, 1, 6
133, 4, 9, 9, 2, 5, 3, 2, 9
134, 6, 7, 9, 1, 4, 2, 1, 2
135, 2, 0, 8, 5, 7, 4, 7, 3
136, 9, 5, 8, 0, 0, 9, 1, 9
137, 2, 0, 7, 0, 6, 6, 8, 2
138, 9, 1, 8, 4, 2, 8, 4, 1
139, 9, 4, 0, 7, 0, 8, 7, 5
140, 6, 3, 6, 2, 1, 1, 4, 1
141, 0, 1, 3, 9, 8, 2, 1, 6
142, 4, 4, 7, 9, 3, 4, 1, 7
143, 5, 3, 1, 4, 4, 7, 2, 4
144, 8, 5, 2, 2, 9, 9, 4, 5
145, 0, 8, 0, 3, 6, 7, 8, 5
146, 9, 7, 0, 2, 1, 6, 3, 1
147, 5, 5, 6, 8, 9, 3, 4, 5
148, 5, 4, 2, 0, 4, 5, 6, 2
149, 7, 8, 0, 3, 5, 2, 3, 0
150, 1, 7, 7, 4, 8, 0, 4, 5
151, 2, 9, 8, 0, 2, 1, 2, 4
152, 1, 9, 2, 9, 4, 8, 4, 4
153, 1, 8, 5, 4, 1, 7, 3, 8
154, 4, 7, 8, 8, 5, 9, 0, 9
155, 4, 4, 7, 8, 2, 8, 0, 0
156, 7, 4, 9, 9, 3, 8, 4, 4
157, 7, 0, 9, 8, 9, 8, 1, 3
158, 5, 5, 4, 2, 9, 5, 2, 9
159, 7, 8, 4, 3, 2, 7, 3, 4
160, 0, 6, 6, 7, 9, 2, 6, 0
161, 9, 8, 4, 8, 8, 1, 7, 0
162, 1, 7, 6, 7, 0, 1, 3, 8
163, 1, 2, 5, 1, 3, 5, 7, 0
164, 4, 1, 9, 2, 8, 3, 4, 1
165, 8, 8, 3, 0, 8, 3, 4, 8
166, 9, 8, 0, 7, 5, 1, 1, 6
167, 3, 2, 6, 0, 8, 4, 5, 7
168, 7, 1, 4, 6, 5, 3, 5, 2
169, 7, 2, 5, 9, 1, 5, 4, 1
170, 3, 5, 2, 5, 6, 2, 5, 8
171, 3, 2, 5, 8, 9, 3, 2, 7
172, 3, 0, 1, 2, 1, 8, 6, 2
173, 3, 5, 1, 3, 7, 7, 7, 6
174, 9, 6, 7, 2, 1, 9, 9, 6
175, 2, 2, 3, 7, 9, 9, 0, 9
176, 2, 7, 5, 4, 2, 5, 2, 9
177, 3, 1, 6, 5, 7, 9, 4, 2
178, 0, 9, 3, 9, 8, 7, 2, 6
179, 3, 9, 4, 4, 5, 0, 8, 5
180, 3, 7, 5, 9, 3, 7, 4, 9
181, 1, 2, 2, 5, 9, 1, 8, 1
182, 2, 6, 8, 5, 6, 9, 1, 4
183, 4, 8, 8, 5, 3, 9, 8, 9
184, 4, 9, 6, 1, 3, 9, 6, 4
185, 8, 0, 0, 4, 9, 5, 0, 4
186, 9, 1, 5, 0, 8, 6, 1, 1
187, 7, 6, 2, 3, 0, 4, 2, 5
188, 8, 8, 2, 3, 1, 3, 5, 8
189, 5, 6, 0, 3, 6, 9, 3, 2
190, 5, 4, 6, 0, 3, 3, 3, 3
191, 3, 1, 4, 3, 4, 6, 0, 1
192, 0, 3, 5, 6, 3, 5, 4, 0
193, 8, 9, 5, 5, 2, 8, 3, 8
194, 4, 5, 8, 3, 0, 4, 4, 0
195, 0, 7, 1, 8, 4, 8, 3, 1
196, 0, 7, 7, 1, 4, 3, 4, 6
197, 2, 5, 5, 2, 7, 4, 5, 0
198, 1, 8, 2, 0, 4, 4, 9, 9
199, 8, 7, 6, 0, 7, 7, 8, 7
200, 2, 4, 3, 0, 4, 4, 1, 1
201, 5, 8, 6, 5, 3, 9, 0, 9
202, 4, 1, 0, 6, 8, 9, 2, 8
203, 7, 0, 9, 4, 0, 1, 8, 0
204, 9, 6, 8, 0, 4, 2, 7, 2
205, 3, 1, 3, 3, 4, 3, 7, 9
206, 5, 8, 4, 5, 4, 1, 3, 5
207, 4, 0, 8, 2, 1, 6, 1, 4
208, 4, 7, 6, 3, 6, 0, 4, 5
209, 3, 4, 2, 5, 1, 0, 2, 5
210, 7, 7, 7, 2, 2, 7, 8, 7
211, 1, 9, 0, 6, 3, 8, 5, 0
212, 4, 4, 7, 8, 8, 7, 0, 5
213, 5, 0, 1, 8, 5, 5, 4, 9
214, 6, 1, 9, 6, 2, 9, 9, 9
215, 6, 4, 1, 1, 2, 1, 1, 4
216, 2, 5, 0, 0, 9, 6, 3, 1
217, 5, 1, 9, 4, 5, 7, 2, 5
218, 8, 2, 0, 1, 6, 9, 2, 8
219, 8, 5, 6, 7, 7, 0, 4, 3
220, 9, 4, 7, 4, 0, 9, 2, 0
221, 0, 3, 8, 2, 5, 7, 1, 1
222, 8, 4, 1, 5, 6, 6, 2, 2
223, 5, 4, 3, 3, 4, 7, 6, 7
224, 6, 3, 2, 4, 1, 7, 5, 7
225, 2, 0, 6, 0, 8, 3, 0, 5
226, 9, 4, 4, 0, 4, 8, 7, 9
227, 4, 1, 9, 7, 6, 3, 2, 1
228, 6, 7, 0, 0, 9, 7, 8, 4
229, 6, 5, 6, 7, 2, 6, 0, 0
230, 3, 6, 6, 0, 5, 2, 5, 5
231, 5, 5, 2, 0, 9, 9, 9, 0
232, 6, 1, 3, 5, 3, 6, 3, 2
233, 3, 0, 5, 5, 2, 0, 9, 5
234, 3, 8, 7, 1, 3, 0, 2, 3
235, 5, 4, 0, 1, 9, 3, 9, 6
236, 2, 7, 1, 7, 9, 0, 2, 3
237, 0, 1, 7, 5, 8, 7, 7, 2
238, 9, 6, 3, 0, 1, 3, 3, 0
239, 5, 0, 4, 2, 5, 8, 1, 2
240, 9, 9, 5, 4, 5, 6, 1, 6
241, 6, 0, 0, 4, 0, 7, 6, 3
242, 2, 5, 5, 8, 6, 9, 5, 3
243, 5, 8, 1, 7, 1, 9, 3, 7
244, 5, 8, 1, 0, 9, 0, 5, 4
245, 4, 0, 7, 9, 4, 5, 7, 8
246, 5, 6, 5, 6, 2, 0, 9, 2
247, 3, 0, 5, 9, 5, 6, 5, 8
248, 4, 8, 4, 4, 2, 4, 2, 0
249, 5, 9, 8, 3, 2, 8, 5, 1
250, 7, 1, 6, 7, 5, 0, 9, 9
251, 4, 6, 7, 4, 3, 5, 7, 4
252, 9, 0, 7, 5, 6, 7, 1, 0
253, 9, 3, 2, 0, 5, 3, 0, 2
254, 7, 0, 9, 1, 1, 6, 3, 4
255, 7, 8, 9, 5, 3, 0, 5, 7
256, 8, 8, 5, 6, 7, 3, 7, 2
257, 0, 6, 9, 6, 7, 6, 2, 5
258, 1, 3, 6, 2, 5, 3, 2, 4
259, 6, 3, 6, 4, 6, 6, 5, 1
260, 2, 0, 4, 5, 1, 6, 8, 3
261, 1, 9, 5, 5, 7, 9, 6, 8
262, 2, 7, 1, 9, 4, 6, 3, 0
263, 5, 0, 6, 0, 3, 1, 3, 7
264, 5, 5, 9, 4, 2, 7, 8, 5
265, 2, 3, 1, 0, 2, 2, 4, 5
266, 2, 2, 5, 3, 7, 8, 1, 6
267, 8, 8, 7, 1, 2, 5, 3, 0
268, 3, 7, 6, 6, 2, 1, 7, 5
269, 9, 6, 0, 2, 2, 5, 9, 0
270, 2, 8, 0, 9, 6, 6, 4, 1
271, 3, 5, 4, 5, 7, 4, 6, 5
272, 7, 2, 2, 4, 9, 5, 6, 3
273, 3, 4, 6, 9, 3, 9, 9, 1
274, 9, 6, 0, 3, 4, 9, 3, 2
275, 0, 6, 3, 7, 3, 6, 2, 8
276, 6, 3, 6, 5, 6, 2, 1, 2
277, 5, 0, 8, 3, 7, 2, 5, 6
278, 0, 6, 7, 2, 7, 1, 2, 1
279, 1, 9, 2, 7, 7, 3, 4, 0
280, 6, 9, 3, 8, 1, 8, 1, 5
281, 3, 3, 6, 2, 5, 5, 3, 0
282, 4, 2, 8, 2, 2, 0, 4, 8
283, 7, 3, 2, 1, 2, 3, 7, 2
284, 9, 4, 9, 9, 6, 0, 3, 6
285, 5, 0, 0, 5, 5, 7, 9, 3
286, 6, 2, 1, 1, 8, 9, 3, 4
287, 8, 3, 3, 2, 4, 8, 7, 1
288, 8, 7, 0, 5, 8, 6, 3, 7
289, 3, 2, 7, 6, 5, 5, 6, 9
290, 8, 2, 8, 5, 4, 3, 2, 0
291, 4, 7, 6, 5, 7, 3, 2, 5
292, 3, 7, 2, 3, 7, 2, 3, 2
293, 4, 0, 4, 1, 7, 0, 4, 8
294, 9, 2, 2, 3, 4, 0, 3, 6
295, 8, 6, 6, 4, 1, 8, 7, 4
296, 3, 8, 2, 4, 3, 5, 0, 9
297, 1, 5, 2, 4, 9, 0, 0, 8
298, 5, 2, 9, 9, 1, 5, 7, 7
299, 8, 1, 5, 6, 1, 7, 0, 7
300, 8, 7, 1, 0, 2, 3, 6, 7
301, 0, 8, 7, 3, 5, 9, 9, 1
302, 2, 1, 5, 5, 6, 3, 5, 4
303, 5, 2, 6, 7, 4, 5, 0, 8
304, 1, 4, 8, 8, 4, 9, 7, 2
305, 7, 2, 7, 0, 0, 9, 3, 7
306, 1, 2, 6, 3, 8, 3, 6, 3
307, 7, 1, 2, 3, 6, 8, 7, 7
308, 7, 4, 5, 0, 0, 1, 2, 0
309, 7, 0, 2, 2, 3, 9, 3, 0
310, 8, 9, 9, 1, 5, 5, 5, 0
311, 1, 6, 8, 1, 9, 5, 7, 6
312, 7, 3, 8, 4, 3, 4, 9, 3
313, 0, 1, 0, 8, 3, 0, 4, 1
314, 6, 9, 7, 8, 8, 6, 8, 5
315, 9, 1, 4, 4, 7, 8, 6, 6
316, 6, 9, 8, 5, 2, 5, 5, 6
317, 8, 3, 4, 1, 3, 1, 9, 4
318, 4, 1, 6, 8, 5, 7, 1, 5
319, 4, 8, 5, 6, 8, 2, 9, 2
320, 7, 3, 6, 3, 5, 6, 3, 0
321, 6, 7, 6, 1, 9, 0, 6, 7
322, 6, 0, 6, 2, 6, 3, 6, 7
323, 1, 8, 5, 9, 4, 5, 4, 6
324, 2, 0, 1, 4, 3, 6, 6, 0
325, 8, 7, 0, 9, 9, 3, 3, 8
326, 6, 0, 7, 8, 3, 4, 2, 9
327, 2, 4, 2, 2, 3, 2, 7, 3
328, 4, 5, 7, 4, 3, 5, 3, 9
329, 2, 2, 4, 1, 3, 5, 8, 2
330, 1, 3, 5, 7, 5, 5, 8, 6
331, 7, 8, 0, 8, 6, 4, 6, 2
332, 9, 6, 0, 5, 0, 3, 5, 5
333, 3, 6, 9, 6, 4, 5, 2, 1
334, 3, 8, 3, 9, 7, 0, 1, 7
335, 2, 9, 0, 6, 0, 0, 4, 1
336, 6, 6, 0, 5, 5, 4, 4, 8
337, 0, 4, 8, 0, 9, 0, 1, 2
338, 3, 4, 7, 1, 0, 9, 6, 9
339, 8, 1, 6, 8, 9, 5, 6, 3
340, 0, 6, 2, 8, 8, 3, 5, 1
341, 7, 8, 7, 6, 6, 1, 8, 3
342, 9, 0, 4, 6, 7, 8, 7, 3
343, 6, 7, 2, 5, 8, 0, 7, 0
344, 0, 0, 2, 4, 7, 6, 2, 9
345, 6, 6, 6, 1, 8, 8, 3, 0
346, 0, 2, 5, 0, 1, 3, 6, 5
347, 8, 8, 9, 6, 0, 0, 2, 4
348, 2, 0, 9, 9, 0, 7, 5, 4
349, 3, 4, 8, 8, 6, 0, 0, 3
350, 2, 6, 8, 7, 4, 6, 0, 4
351, 4, 1, 4, 0, 1, 4, 9, 3
352, 3, 3, 9, 0, 1, 7, 9, 9
353, 0, 2, 6, 4, 8, 1, 5, 0
354, 4, 7, 3, 9, 3, 5, 0, 6
355, 9, 1, 9, 8, 5, 7, 3, 4
356, 0, 6, 5, 8, 0, 0, 8, 0
357, 1, 7, 2, 3, 7, 8, 7, 1
358, 4, 0, 4, 8, 4, 5, 4, 5
359, 8, 5, 3, 8, 6, 9, 7, 8
360, 6, 3, 7, 3, 3, 1, 8, 3
361, 3, 9, 1, 8, 8, 3, 4, 4
362, 1, 2, 1, 1, 5, 9, 6, 5
363, 2, 0, 4, 6, 9, 7, 3, 1
364, 2, 2, 1, 8, 6, 5, 1, 2
365, 6, 1, 4, 9, 5, 2, 8, 5
366, 5, 6, 6, 4, 5, 4, 0, 2
367, 2, 0, 6, 0, 8, 6, 5, 1
368, 5, 2, 5, 8, 7, 0, 7, 9
369, 3, 0, 2, 0, 2, 1, 6, 3
370, 6, 3, 7, 4, 8, 8, 6, 4
371, 8, 7, 6, 8, 2, 6, 2, 2
372, 7, 9, 9, 4, 4, 7, 9, 5
373, 1, 3, 4, 4, 8, 1, 2, 8
374, 5, 1, 5, 1, 5, 9, 4, 0
375, 0, 7, 7, 5, 7, 8, 7, 7
376, 4, 2, 6, 6, 3, 6, 5, 6
377, 0, 8, 0, 0, 5, 5, 4, 8
378, 5, 3, 0, 6, 7, 7, 9, 4
379, 8, 7, 0, 0, 4, 3, 3, 9
380, 2, 8, 6, 1, 4, 3, 5, 7
381, 0, 2, 7, 6, 2, 9, 5, 0
382, 2, 0, 3, 2, 5, 8, 2, 8
383, 3, 8, 7, 6, 8, 8, 5, 6
384, 0, 0, 8, 8, 6, 9, 2, 3
385, 9, 2, 6, 0, 1, 2, 1, 3
386, 3, 7, 6, 5, 3, 4, 2, 0
387, 0, 5, 1, 7, 0, 3, 7, 2
388, 0, 7, 9, 5, 5, 8, 5, 5
389, 0, 2, 4, 8, 1, 2, 1, 0
390, 6, 0, 2, 2, 5, 3, 6, 8
391, 2, 1, 2, 6, 9, 6, 3, 2
392, 3, 4, 7, 0, 4, 9, 9, 7
393, 0, 9, 8, 2, 8, 6, 6, 8
394, 1, 5, 5, 7, 8, 5, 4, 4
395, 4, 1, 1, 7, 7, 0, 3, 0
396, 8, 8, 5, 9, 3, 8, 0, 2
397, 6, 6, 7, 2, 4, 8, 4, 1
398, 2, 2, 3, 1, 1, 6, 4, 2
399, 9, 3, 4, 7, 6, 1, 4, 7
400, 0, 6, 2, 8, 6, 4, 1, 6
401, 8, 6, 2, 4, 8, 6, 4, 6
402, 7, 4, 3, 8, 0, 1, 5, 8
403, 7, 7, 7, 9, 6, 4, 5, 9
404, 5, 1, 9, 6, 1, 3, 4, 0
405, 2, 8, 4, 1, 0, 5, 9, 6
406, 3, 9, 8, 4, 9, 2, 9, 9
407, 6, 1, 0, 4, 4, 1, 5, 3
408, 4, 8, 0, 8, 1, 7, 7, 4
409, 0, 5, 4, 9, 3, 4, 3, 9
410, 2, 4, 1, 7, 9, 0, 9, 3
411, 0, 8, 1, 6, 2, 8, 5, 6
412, 8, 1, 1, 8, 7, 3, 8, 8
413, 8, 9, 8, 2, 8, 3, 8, 7
414, 8, 8, 2, 0, 6, 7, 9, 7
415, 8, 8, 0, 9, 5, 0, 6, 7
416, 4, 7, 0, 5, 7, 7, 1, 8
417, 7, 1, 1, 8, 3, 2, 0, 8
418, 0, 2, 3, 0, 4, 5, 8, 2
419, 3, 2, 5, 5, 2, 7, 4, 1
420, 2, 0, 9, 2, 4, 2, 9, 9
421, 8, 8, 8, 6, 9, 5, 2, 9
422, 1, 1, 7, 8, 9, 3, 3, 7
423, 3, 4, 6, 4, 9, 4, 9, 2
424, 0, 2, 9, 8, 0, 9, 7, 6
425, 7, 8, 0, 8, 0, 9, 0, 4
426, 5, 5, 8, 3, 4, 7, 3, 5
427, 4, 9, 0, 6, 6, 6, 9, 9
428, 6, 8, 8, 2, 8, 4, 1, 9
429, 7, 4, 7, 1, 7, 6, 9, 8
430, 3, 2, 8, 2, 5, 1, 3, 2
431, 2, 2, 1, 1, 8, 9, 8, 0
432, 7, 3, 0, 6, 6, 2, 8, 2
433, 3, 0, 8, 0, 3, 4, 1, 2
434, 4, 1, 3, 4, 6, 0, 3, 2
435, 6, 9, 6, 4, 6, 2, 1, 3
436, 8, 1, 9, 4, 2, 4, 1, 6
437, 0, 8, 4, 6, 3, 1, 5, 1
438, 7, 7, 9, 4, 3, 8, 9, 9
439, 3, 4, 5, 7, 6, 4, 1, 2
440, 1, 0, 9, 8, 2, 8, 9, 6
441, 9, 3, 3, 8, 3, 5, 4, 7
442, 5, 6, 2, 2, 8, 3, 3, 4
443, 5, 7, 6, 7, 1, 1, 2, 4
444, 3, 7, 8, 6, 5, 8, 5, 7
445, 4, 2, 3, 7, 2, 8, 4, 2
446, 3, 6, 0, 9, 9, 2, 7, 6
447, 4, 9, 6, 7, 3, 7, 9, 4
448, 0, 5, 1, 7, 9, 2, 7, 1
449, 3, 8, 6, 7, 4, 4, 3, 5
450, 0, 8, 2, 5, 5, 4, 3, 3
451, 6, 8, 2, 3, 1, 3, 7, 2
452, 6, 1, 3, 1, 9, 8, 0, 1
453, 9, 9, 1, 4, 3, 0, 5, 6
454, 2, 1, 5, 8, 9, 4, 5, 4
455, 3, 4, 1, 1, 8, 3, 7, 2
456, 4, 2, 5, 5, 4, 4, 2, 3
457, 2, 6, 0, 6, 6, 9, 5, 2
458, 0, 8, 5, 7, 6, 3, 2, 6
459, 0, 8, 4, 7, 5, 8, 3, 4
460, 4, 0, 9, 9, 6, 7, 2, 9
461, 8, 4, 8, 2, 2, 0, 2, 4
462, 9, 0, 4, 5, 0, 6, 8, 3
463, 6, 9, 5, 7, 9, 6, 0, 0
464, 6, 5, 5, 0, 9, 4, 8, 9
465, 9, 2, 5, 6, 1, 9, 5, 9
466, 7, 1, 4, 5, 2, 1, 8, 5
467, 6, 9, 7, 5, 3, 6, 8, 4
468, 2, 2, 2, 3, 6, 7, 6, 6
469, 4, 7, 7, 9, 6, 5, 3, 8
470, 9, 0, 0, 2, 3, 7, 8, 8
471, 3, 4, 4, 5, 7, 2, 8, 0
472, 4, 5, 4, 4, 3, 9, 1, 0
473, 8, 5, 9, 0, 8, 2, 2, 9
474, 9, 3, 5, 6, 2, 3, 4, 9
475, 1, 4, 0, 1, 0, 6, 5, 5
476, 1, 4, 3, 1, 8, 6, 5, 4
477, 6, 6, 8, 7, 6, 1, 6, 6
478, 3, 0, 3, 8, 1, 0, 1, 2
479, 3, 4, 9, 9, 2, 3, 6, 9
480, 2, 9, 7, 6, 6, 3, 2, 5
481, 6, 8, 8, 1, 2, 0, 3, 5
482, 5, 2, 7, 4, 9, 7, 9, 9
483, 4, 7, 4, 9, 4, 8, 7, 3
484, 4, 6, 2, 9, 2, 2, 0, 6
485, 5, 4, 7, 4, 8, 6, 6, 5
486, 4, 8, 0, 8, 2, 6, 1, 8
487, 8, 3, 8, 0, 9, 8, 6, 8
488, 8, 4, 7, 1, 0, 1, 7, 0
489, 0, 8, 3, 2, 0, 7, 3, 6
490, 5, 1, 2, 5, 5, 2, 4, 5
491, 0, 1, 9, 0, 2, 4, 2, 0
492, 7, 8, 7, 1, 0, 0, 4, 6
493, 6, 4, 0, 1, 4, 0, 7, 2
494, 3, 8, 5, 3, 1, 3, 8, 4
495, 2, 9, 9, 3, 9, 6, 2, 7
496, 3, 4, 2, 1, 6, 2, 2, 3
497, 2, 9, 5, 6, 1, 9, 6, 0
498, 8, 2, 2, 9, 8, 4, 2, 3
499, 4, 4, 9, 9, 2, 7, 0, 7
500, 3, 7, 6, 1, 2, 0, 8, 1
501, 8, 3, 3, 3, 0, 4, 8, 2
502, 0, 7, 9, 1, 9, 7, 9, 7
503, 7, 4, 9, 6, 0, 5, 7, 1
504, 5, 6, 0, 3, 3, 1, 6, 0
505, 4, 9, 1, 5, 1, 8, 0, 8
506, 8, 6, 3, 7, 3, 3, 8, 0
507, 2, 5, 6, 2, 8, 0, 1, 0
508, 8, 3, 1, 0, 6, 5, 8, 3
509, 4, 5, 2, 4, 0, 1, 1, 3
510, 5, 9, 6, 5, 0, 0, 0, 1
511, 3, 4, 0, 8, 1, 3, 1, 7
512, 8, 0, 4, 5, 0, 9, 1, 0
513, 7, 9, 6, 6, 2, 9, 1, 8
514, 6, 9, 8, 7, 2, 7, 1, 6
515, 8, 3, 3, 7, 0, 9, 5, 0
516, 8, 0, 1, 8, 2, 0, 4, 7
517, 6, 9, 2, 7, 0, 3, 1, 4
518, 9, 2, 1, 7, 4, 0, 7, 5
519, 2, 4, 2, 5, 6, 9, 1, 6
520, 4, 7, 6, 7, 9, 6, 6, 8
521, 9, 5, 6, 4, 7, 6, 0, 0
522, 7, 4, 5, 9, 2, 3, 7, 5
523, 6, 8, 9, 8, 4, 3, 3, 7
524, 2, 1, 5, 2, 5, 5, 4, 6
525, 3, 1, 7, 6, 0, 2, 8, 5
526, 3, 5, 1, 4, 6, 7, 7, 5
527, 6, 1, 7, 8, 3, 7, 9, 5
528, 9, 8, 3, 2, 6, 2, 7, 3
529, 7, 2, 3, 0, 9, 1, 0, 3
530, 6, 0, 0, 1, 6, 5, 0, 2
531, 0, 6, 3, 7, 0, 1, 9, 9
532, 9, 7, 7, 4, 6, 8, 0, 2
533, 6, 8, 1, 4, 1, 9, 9, 9
534, 5, 5, 4, 4, 7, 4, 3, 3
535, 6, 5, 4, 2, 3, 7, 7, 4
536, 4, 0, 1, 3, 0, 4, 4, 4
537, 8, 4, 4, 4, 6, 6, 1, 2
538, 1, 3, 0, 5, 6, 5, 1, 0
539, 1, 9, 2, 5, 3, 6, 1, 9
540, 1, 5, 6, 7, 1, 4, 5, 8
541, 0, 3, 4, 8, 3, 8, 1, 7
542, 2, 6, 9, 1, 3, 6, 0, 5
543, 5, 1, 7, 7, 7, 8, 3, 2
544, 2, 5, 3, 3, 4, 8, 7, 5
545, 5, 7, 1, 0, 7, 7, 3, 7
546, 9, 7, 7, 6, 4, 0, 5, 1
547, 1, 6, 1, 4, 9, 8, 5, 2
548, 8, 7, 1, 9, 3, 5, 4, 8
549, 7, 4, 4, 6, 6, 5, 5, 6
550, 5, 9, 1, 3, 0, 2, 6, 1
551, 1, 6, 2, 1, 4, 6, 9, 8
552, 1, 6, 4, 2, 8, 5, 1, 6
553, 0, 5, 3, 8, 5, 7, 2, 9
554, 0, 1, 1, 0, 3, 0, 9, 0
555, 0, 7, 0, 2, 3, 4, 7, 2
556, 8, 9, 5, 8, 8, 8, 4, 4
557, 2, 9, 2, 2, 7, 5, 9, 9
558, 5, 3, 1, 2, 3, 8, 9, 1
559, 6, 3, 7, 2, 2, 8, 0, 0
560, 7, 0, 6, 8, 0, 7, 1, 1
561, 1, 2, 4, 0, 8, 5, 7, 5
562, 6, 3, 2, 5, 8, 7, 2, 6
563, 5, 5, 3, 3, 7, 0, 4, 2
564, 6, 5, 7, 1, 5, 7, 2, 7
565, 4, 8, 1, 8, 4, 6, 2, 4
566, 4, 9, 0, 9, 1, 5, 5, 5
567, 4, 7, 8, 7, 0, 1, 1, 6
568, 7, 0, 6, 1, 2, 1, 4, 1
569, 7, 5, 4, 0, 9, 4, 9, 0
570, 9, 4, 9, 3, 0, 8, 0, 1
571, 7, 4, 8, 6, 8, 1, 7, 1
572, 6, 5, 3, 6, 5, 1, 7, 2
573, 4, 2, 1, 3, 2, 5, 9, 2
574, 5, 6, 1, 2, 6, 6, 0, 3
575, 0, 3, 9, 8, 6, 5, 9, 8
576, 2, 1, 3, 0, 2, 8, 6, 6
577, 3, 3, 9, 9, 7, 7, 6, 2
578, 3, 0, 9, 2, 5, 1, 9, 1
579, 5, 9, 5, 6, 7, 9, 5, 9
580, 4, 8, 0, 0, 3, 9, 7, 1
581, 9, 3, 8, 6, 8, 3, 5, 7
582, 3, 7, 7, 4, 2, 5, 5, 0
583, 7, 6, 2, 4, 1, 2, 7, 5
584, 5, 8, 9, 8, 4, 1, 6, 1
585, 4, 3, 9, 2, 4, 6, 4, 6
586, 5, 6, 6, 0, 1, 7, 0, 6
587, 4, 7, 5, 3, 9, 6, 1, 5
588, 9, 9, 9, 1, 1, 8, 0, 3
589, 3, 4, 8, 6, 9, 3, 7, 5
590, 5, 6, 4, 9, 1, 6, 3, 1
591, 6, 5, 5, 1, 8, 6, 4, 5
592, 1, 7, 9, 6, 8, 0, 5, 5
593, 6, 9, 5, 3, 4, 1, 2, 6
594, 7, 6, 5, 0, 9, 7, 5, 8
595, 6, 1, 3, 0, 5, 8, 3, 1
596, 0, 8, 4, 2, 7, 6, 1, 0
597, 6, 7, 4, 6, 1, 5, 9, 8
598, 5, 1, 4, 3, 4, 6, 6, 2
599, 5, 6, 3, 4, 0, 0, 9, 9
600, 9, 0, 0, 8, 9, 2, 4, 7
601, 3, 7, 2, 1, 0, 2, 5, 2
602, 9, 9, 1, 9, 4, 7, 5, 8
603, 1, 0, 7, 4, 5, 9, 1, 0
604, 8, 3, 3, 4, 4, 3, 4, 3
605, 8, 9, 6, 7, 3, 9, 5, 0
606, 2, 3, 3, 9, 4, 2, 8, 3
607, 7, 6, 1, 3, 2, 9, 4, 6
608, 6, 8, 6, 4, 9, 3, 9, 5
609, 8, 1, 0, 5, 3, 9, 9, 3
610, 6, 2, 0, 0, 0, 4, 5, 9
611, 7, 9, 6, 2, 0, 0, 1, 4
612, 3, 7, 9, 0, 1, 9, 2, 5
613, 0, 5, 9, 9, 5, 6, 9, 8
614, 6, 4, 3, 9, 6, 1, 9, 6
615, 9, 1, 9, 1, 1, 8, 5, 7
616, 1, 6, 0, 1, 3, 0, 0, 1
617, 1, 3, 3, 4, 2, 6, 3, 1
618, 6, 0, 4, 9, 4, 9, 4, 2
619, 2, 3, 9, 9, 2, 8, 0, 9
620, 7, 5, 1, 6, 4, 5, 4, 1
621, 0, 4, 4, 8, 3, 9, 3, 6
622, 8, 8, 8, 9, 0, 6, 3, 0
623, 2, 9, 6, 9, 7, 3, 8, 8
624, 6, 7, 3, 8, 0, 6, 4, 2
625, 6, 9, 5, 5, 6, 9, 9, 8
626, 4, 9, 8, 4, 8, 8, 5, 9
627, 5, 3, 3, 0, 8, 2, 4, 9
628, 5, 6, 5, 5, 8, 5, 1, 8
629, 2, 9, 1, 3, 1, 2, 6, 6
630, 7, 9, 4, 8, 4, 3, 9, 8
631, 4, 5, 0, 4, 0, 7, 1, 8
632, 6, 4, 1, 8, 9, 4, 3, 2
633, 0, 7, 9, 9, 2, 7, 8, 9
634, 2, 5, 5, 4, 8, 4, 0, 8
635, 9, 9, 0, 5, 5, 4, 5, 8
636, 8, 9, 5, 9, 3, 8, 6, 3
637, 8, 5, 9, 7, 5, 2, 8, 3
638, 5, 9, 4, 7, 5, 6, 1, 9
639, 9, 8, 2, 4, 6, 0, 4, 9
640, 7, 7, 3, 3, 9, 2, 6, 0
641, 0, 1, 9, 1, 1, 2, 9, 1
642, 6, 7, 7, 5, 9, 8, 9, 0
643, 3, 8, 1, 3, 7, 3, 9, 3
644, 9, 2, 1, 5, 3, 4, 2, 9
645, 7, 6, 3, 5, 4, 2, 6, 3
646, 7, 6, 6, 4, 0, 9, 6, 4
647, 4, 6, 7, 4, 1, 7, 1, 7
648, 7, 8, 3, 4, 9, 9, 1, 2
649, 2, 3, 2, 7, 6, 3, 2, 9
650, 8, 4, 0, 0, 4, 4, 2, 8
651, 4, 2, 7, 2, 6, 1, 3, 2
652, 7, 2, 4, 6, 3, 4, 3, 8
653, 0, 8, 7, 2, 4, 3, 8, 7
654, 7, 2, 3, 3, 2, 7, 2, 1
655, 1, 5, 8, 2, 8, 5, 3, 6
656, 0, 9, 0, 3, 2, 6, 9, 3
657, 3, 3, 5, 2, 0, 7, 3, 8
658, 1, 0, 1, 5, 1, 7, 2, 8
659, 9, 2, 6, 5, 9, 1, 5, 6
660, 9, 3, 2, 8, 1, 1, 8, 7
661, 4, 5, 4, 6, 9, 1, 0, 5
662, 2, 4, 7, 6, 1, 7, 2, 6
663, 4, 9, 3, 6, 0, 1, 8, 4
664, 2, 3, 0, 4, 4, 7, 2, 3
665, 7, 5, 6, 1, 1, 1, 4, 3
666, 7, 1, 7, 3, 9, 1, 4, 1
667, 6, 8, 8, 0, 2, 7, 5, 5
668, 2, 3, 5, 9, 9, 0, 7, 2
669, 6, 2, 0, 3, 2, 3, 4, 1
670, 8, 9, 8, 0, 9, 5, 3, 6
671, 1, 2, 0, 7, 6, 0, 6, 3
672, 0, 1, 3, 9, 8, 0, 2, 9
673, 3, 1, 5, 7, 5, 3, 6, 0
674, 0, 8, 4, 4, 0, 5, 6, 8
675, 9, 3, 0, 0, 1, 6, 0, 2
676, 1, 3, 1, 1, 3, 0, 5, 4
677, 1, 4, 9, 1, 8, 8, 6, 9
678, 7, 3, 2, 5, 3, 4, 9, 7
679, 5, 7, 4, 1, 5, 9, 1, 3
680, 9, 5, 2, 0, 2, 8, 7, 1
681, 1, 7, 2, 2, 4, 8, 3, 0
682, 9, 7, 8, 4, 8, 5, 1, 3
683, 4, 1, 3, 2, 3, 4, 6, 2
684, 6, 4, 4, 3, 2, 8, 9, 2
685, 1, 5, 7, 8, 2, 0, 4, 9
686, 3, 6, 8, 1, 5, 1, 0, 1
687, 0, 5, 7, 6, 9, 6, 2, 7
688, 9, 0, 1, 0, 4, 5, 4, 9
689, 3, 8, 9, 0, 5, 3, 2, 5
690, 6, 3, 6, 9, 0, 0, 9, 9
691, 2, 9, 5, 1, 6, 8, 2, 8
692, 2, 1, 7, 5, 1, 7, 4, 9
693, 5, 7, 7, 3, 4, 7, 4, 2
694, 5, 4, 1, 5, 7, 7, 7, 6
695, 1, 9, 3, 9, 6, 2, 4, 5
696, 9, 6, 3, 7, 4, 2, 8, 7
697, 0, 0, 0, 2, 5, 3, 5, 0
698, 8, 0, 1, 1, 4, 7, 0, 9
699, 6, 8, 5, 7, 7, 4, 4, 7
700, 8, 2, 6, 8, 3, 0, 2, 3
701, 0, 5, 6, 0, 5, 3, 8, 1
702, 3, 7, 6, 6, 9, 4, 2, 6
703, 6, 7, 0, 1, 1, 0, 3, 2
704, 8, 1, 4, 5, 1, 9, 7, 3
705, 2, 2, 8, 4, 2, 3, 6, 2
706, 0, 2, 0, 7, 7, 3, 9, 1
707, 0, 5, 1, 5, 7, 1, 5, 6
708, 3, 4, 6, 9, 6, 3, 5, 8
709, 1, 2, 0, 8, 9, 5, 0, 3
710, 6, 2, 3, 8, 0, 0, 5, 1
711, 7, 8, 0, 7, 5, 5, 4, 8
712, 5, 9, 0, 0, 6, 3, 3, 5
713, 0, 2, 8, 9, 0, 4, 7, 0
714, 7, 0, 5, 7, 4, 2, 4, 4
715, 3, 5, 3, 5, 8, 5, 5, 1
716, 1, 5, 1, 1, 8, 9, 9, 8
717, 4, 1, 7, 0, 9, 3, 0, 0
718, 9, 1, 2, 8, 1, 0, 3, 2
719, 9, 0, 3, 1, 5, 7, 6, 9
720, 4, 6, 5, 4, 5, 0, 1, 4
721, 1, 4, 4, 9, 8, 3, 1, 7
722, 9, 6, 5, 9, 6, 4, 7, 8
723, 2, 6, 6, 8, 4, 6, 5, 1
724, 3, 8, 5, 3, 4, 7, 6, 9
725, 6, 9, 9, 6, 6, 3, 2, 7
726, 2, 5, 1, 9, 6, 3, 3, 6
727, 0, 9, 5, 9, 5, 9, 3, 6
728, 3, 1, 3, 4, 6, 4, 9, 3
729, 2, 0, 2, 6, 3, 1, 4, 7
730, 4, 1, 5, 8, 7, 8, 5, 6
731, 8, 0, 1, 5, 9, 1, 0, 8
732, 6, 2, 0, 9, 6, 7, 4, 0
733, 6, 5, 4, 8, 3, 2, 5, 7
734, 4, 3, 6, 3, 7, 3, 6, 9
735, 0, 5, 7, 8, 4, 5, 5, 7
736, 1, 2, 0, 4, 3, 6, 2, 4
737, 9, 2, 4, 8, 6, 6, 4, 6
738, 0, 1, 1, 3, 5, 8, 7, 2
739, 8, 6, 0, 4, 6, 5, 7, 8
740, 5, 4, 6, 7, 0, 4, 5, 4
741, 8, 1, 5, 4, 0, 1, 0, 0
742, 3, 8, 7, 2, 6, 6, 9, 2
743, 1, 1, 8, 5, 3, 9, 3, 6
744, 5, 0, 6, 3, 2, 2, 7, 5
745, 9, 1, 6, 7, 3, 5, 1, 6
746, 3, 5, 6, 7, 2, 7, 9, 7
747, 1, 8, 0, 4, 7, 6, 6, 1
748, 7, 0, 6, 8, 3, 4, 2, 9
749, 4, 8, 5, 6, 6, 2, 8, 7
750, 5, 7, 3, 1, 2, 8, 5, 5
751, 7, 7, 2, 8, 6, 2, 6, 9
752, 9, 4, 5, 9, 5, 2, 3, 7
753, 9, 5, 3, 4, 9, 5, 6, 3
754, 8, 7, 0, 6, 2, 3, 3, 1
755, 3, 6, 1, 6, 6, 4, 1, 8
756, 0, 5, 5, 5, 6, 0, 0, 5
757, 5, 8, 7, 4, 7, 0, 1, 3
758, 2, 7, 9, 2, 9, 0, 1, 1
759, 2, 4, 7, 5, 9, 1, 1, 3
760, 7, 7, 4, 1, 7, 8, 6, 9
761, 0, 9, 5, 7, 1, 6, 9, 5
762, 5, 3, 9, 2, 0, 9, 1, 6
763, 4, 9, 2, 3, 7, 6, 4, 2
764, 9, 9, 9, 4, 2, 1, 8, 9
765, 1, 7, 1, 3, 7, 2, 8, 8
766, 8, 2, 7, 6, 7, 2, 7, 4
767, 2, 2, 7, 3, 6, 8, 1, 3
768, 5, 2, 6, 5, 1, 5, 4, 7
769, 3, 1, 0, 8, 9, 3, 5, 4
770, 5, 6, 6, 2, 5, 2, 5, 7
771, 3, 5, 7, 3, 3, 3, 4, 7
772, 5, 4, 9, 1, 8, 6, 2, 1
773, 7, 1, 0, 7, 6, 7, 7, 6
774, 9, 6, 8, 0, 9, 2, 3, 5
775, 0, 3, 8, 6, 8, 2, 9, 4
776, 6, 1, 2, 8, 3, 8, 9, 2
777, 5, 8, 4, 8, 9, 3, 8, 1
778, 7, 9, 0, 1, 0, 4, 0, 8
779, 4, 9, 0, 2, 9, 7, 2, 1
780, 6, 7, 1, 4, 0, 8, 0, 0
781, 4, 4, 5, 4, 9, 7, 0, 9
782, 3, 8, 4, 2, 0, 4, 0, 7
783, 8, 4, 4, 8, 0, 2, 5, 6
784, 6, 6, 7, 5, 0, 8, 4, 6
785, 0, 0, 3, 0, 4, 7, 5, 7
786, 9, 8, 0, 1, 5, 0, 5, 3
787, 5, 4, 5, 9, 6, 9, 3, 6
788, 1, 6, 4, 2, 7, 5, 4, 0
789, 0, 4, 8, 7, 2, 7, 3, 1
790, 5, 7, 8, 7, 6, 8, 4, 5
791, 3, 7, 5, 3, 2, 1, 6, 1
792, 2, 7, 9, 1, 3, 3, 5, 1
793, 9, 4, 0, 2, 1, 6, 4, 4
794, 6, 9, 4, 2, 4, 7, 2, 7
795, 8, 1, 8, 7, 6, 8, 0, 2
796, 2, 6, 3, 5, 4, 4, 4, 3
797, 2, 1, 9, 5, 2, 3, 3, 7
798, 8, 2, 7, 5, 6, 8, 9, 3
799, 3, 9, 5, 0, 8, 4, 2, 9
800, 7, 1, 8, 8, 9, 9, 5, 2
801, 0, 3, 3, 6, 8, 9, 5, 3
802, 2, 9, 2, 1, 1, 8, 1, 4
803, 3, 0, 0, 1, 5, 1, 3, 4
804, 5, 2, 4, 0, 5, 2, 2, 7
805, 5, 9, 6, 9, 7, 3, 4, 1
806, 6, 5, 6, 9, 1, 6, 7, 0
807, 5, 9, 5, 8, 4, 3, 6, 1
808, 1, 4, 7, 8, 9, 2, 2, 7
809, 8, 7, 0, 8, 2, 0, 0, 1
810, 7, 7, 7, 3, 1, 1, 5, 9
811, 7, 1, 1, 7, 4, 1, 2, 3
812, 4, 6, 3, 1, 5, 6, 4, 5
813, 8, 2, 5, 8, 3, 6, 6, 5
814, 8, 5, 8, 2, 6, 9, 5, 2
815, 4, 6, 5, 9, 9, 2, 6, 0
816, 5, 6, 7, 0, 0, 1, 5, 9
817, 2, 2, 2, 9, 2, 8, 2, 4
818, 3, 8, 5, 1, 0, 0, 3, 8
819, 9, 9, 9, 8, 3, 3, 2, 3
820, 6, 1, 8, 0, 6, 2, 1, 6
821, 2, 6, 3, 4, 2, 1, 2, 1
822, 9, 6, 3, 3, 0, 3, 6, 7
823, 7, 7, 5, 0, 8, 4, 9, 8
824, 1, 5, 9, 8, 9, 5, 9, 8
825, 1, 8, 2, 2, 5, 3, 8, 1
826, 6, 5, 9, 8, 6, 3, 3, 0
827, 5, 0, 4, 6, 1, 4, 9, 8
828, 7, 4, 1, 6, 3, 4, 5, 3
829, 4, 7, 3, 2, 4, 3, 0, 0
830, 0, 5, 5, 0, 6, 0, 0, 8
831, 9, 8, 3, 5, 3, 1, 9, 6
832, 9, 5, 9, 7, 7, 4, 4, 1
833, 1, 7, 2, 3, 3, 3, 8, 1
834, 2, 5, 2, 5, 5, 7, 0, 3
835, 3, 0, 7, 2, 9, 7, 9, 4
836, 7, 0, 8, 6, 0, 1, 5, 1
837, 3, 2, 1, 8, 1, 2, 5, 8
838, 2, 3, 5, 6, 9, 8, 1, 1
839, 0, 2, 4, 7, 9, 3, 0, 4
840, 1, 6, 0, 3, 9, 0, 5, 1
841, 5, 9, 8, 1, 6, 4, 0, 6
842, 9, 0, 7, 2, 8, 4, 7, 0
843, 2, 6, 2, 9, 6, 8, 3, 7
844, 5, 7, 7, 9, 3, 1, 6, 0
845, 2, 8, 2, 2, 3, 3, 1, 9
846, 0, 4, 2, 1, 5, 0, 4, 1
847, 9, 7, 4, 7, 5, 6, 4, 5
848, 0, 8, 1, 0, 1, 4, 1, 0
849, 6, 1, 1, 3, 7, 3, 1, 5
850, 2, 8, 8, 5, 8, 2, 3, 5
851, 4, 1, 9, 2, 2, 9, 6, 3
852, 4, 0, 4, 7, 0, 6, 5, 0
853, 3, 8, 4, 6, 1, 3, 5, 6
854, 3, 8, 3, 0, 6, 3, 2, 9
855, 9, 8, 6, 7, 3, 5, 8, 1
856, 6, 7, 2, 8, 1, 9, 4, 2
857, 5, 1, 8, 6, 6, 8, 0, 7
858, 0, 4, 1, 8, 0, 1, 5, 0
859, 0, 9, 3, 8, 8, 5, 1, 9
860, 2, 6, 0, 3, 0, 3, 1, 9
861, 6, 5, 2, 4, 8, 0, 6, 2
862, 1, 9, 3, 9, 7, 7, 8, 9
863, 0, 4, 9, 8, 4, 9, 5, 4
864, 1, 9, 6, 9, 5, 0, 9, 0
865, 1, 8, 6, 2, 1, 1, 0, 5
866, 6, 5, 0, 2, 4, 0, 7, 4
867, 9, 7, 7, 7, 7, 1, 6, 7
868, 1, 2, 6, 6, 8, 6, 7, 9
869, 8, 1, 4, 2, 8, 4, 5, 6
870, 2, 4, 9, 3, 5, 2, 1, 1
871, 3, 7, 7, 4, 5, 0, 5, 8
872, 5, 6, 8, 9, 3, 4, 3, 7
873, 0, 6, 8, 7, 7, 5, 2, 3
874, 0, 0, 0, 2, 7, 6, 0, 2
875, 6, 7, 4, 7, 1, 7, 0, 7
876, 6, 7, 7, 3, 9, 1, 3, 0
877, 7, 9, 2, 3, 9, 4, 4, 0
878, 2, 6, 4, 5, 4, 4, 5, 2
879, 0, 2, 5, 0, 4, 6, 4, 4
880, 3, 9, 9, 3, 3, 2, 4, 8
881, 2, 7, 4, 9, 8, 4, 5, 5
882, 5, 9, 7, 8, 7, 8, 2, 9
883, 2, 6, 3, 2, 3, 1, 7, 3
884, 2, 6, 7, 7, 1, 5, 8, 7
885, 6, 6, 0, 5, 2, 3, 1, 2
886, 8, 8, 5, 5, 3, 3, 6, 4
887, 2, 9, 8, 4, 5, 2, 1, 2
888, 6, 9, 1, 2, 5, 5, 5, 8
889, 1, 8, 8, 7, 1, 0, 4, 4
890, 3, 1, 6, 8, 2, 6, 3, 7
891, 3, 8, 7, 5, 4, 8, 5, 7
892, 3, 5, 9, 6, 6, 8, 3, 4
893, 3, 6, 4, 4, 3, 4, 5, 6
894, 1, 1, 6, 1, 8, 5, 5, 8
895, 5, 1, 3, 1, 6, 5, 1, 1
896, 7, 9, 9, 1, 6, 4, 1, 8
897, 0, 5, 8, 0, 2, 2, 4, 6
898, 1, 8, 2, 7, 7, 9, 1, 3
899, 0, 0, 1, 0, 5, 9, 5, 4
900, 2, 2, 6, 5, 5, 6, 6, 2
901, 8, 3, 0, 5, 2, 4, 4, 2
902, 0, 3, 5, 6, 2, 5, 4, 3
903, 0, 2, 8, 6, 2, 7, 5, 0
904, 9, 6, 0, 7, 2, 6, 1, 6
905, 7, 0, 8, 2, 2, 3, 0, 7
906, 6, 1, 3, 3, 9, 0, 8, 2
907, 5, 7, 3, 9, 6, 0, 9, 8
908, 2, 4, 5, 5, 3, 7, 5, 4
909, 0, 8, 7, 8, 0, 4, 9, 8
910, 4, 6, 3, 5, 8, 1, 0, 5
911, 8, 8, 1, 2, 1, 2, 7, 2
912, 9, 4, 7, 1, 2, 3, 6, 6
913, 3, 7, 2, 8, 6, 2, 1, 8
914, 5, 3, 2, 3, 7, 3, 0, 2
915, 8, 1, 7, 9, 3, 8, 8, 9
916, 3, 0, 6, 5, 8, 0, 6, 5
917, 0, 2, 9, 6, 7, 0, 2, 9
918, 9, 0, 5, 8, 3, 9, 6, 9
919, 5, 4, 5, 0, 4, 2, 1, 3
920, 4, 1, 5, 5, 6, 3, 6, 1
921, 2, 7, 4, 0, 5, 2, 1, 7
922, 9, 1, 7, 4, 0, 5, 7, 2
923, 3, 5, 0, 0, 8, 3, 3, 8
924, 6, 6, 3, 6, 1, 1, 1, 6
925, 9, 9, 1, 4, 7, 1, 0, 6
926, 6, 3, 3, 5, 4, 1, 6, 8
927, 5, 4, 2, 8, 9, 4, 8, 8
928, 7, 7, 4, 1, 9, 6, 6, 3
929, 2, 0, 5, 2, 1, 6, 1, 4
930, 5, 7, 9, 6, 9, 6, 1, 3
931, 8, 3, 0, 5, 6, 6, 1, 7
932, 2, 7, 7, 6, 9, 0, 1, 8
933, 6, 2, 5, 1, 0, 3, 3, 8
934, 9, 2, 4, 9, 5, 7, 0, 9
935, 1, 4, 0, 1, 3, 7, 8, 8
936, 2, 4, 0, 3, 1, 1, 4, 3
937, 6, 5, 9, 5, 6, 4, 9, 5
938, 7, 0, 6, 9, 1, 1, 2, 9
939, 4, 1, 6, 1, 9, 2, 9, 6
940, 9, 0, 2, 4, 6, 6, 4, 2
941, 5, 4, 5, 5, 8, 8, 4, 1
942, 2, 7, 0, 4, 8, 8, 8, 9
943, 1, 4, 3, 6, 0, 2, 0, 9
944, 6, 4, 7, 4, 3, 7, 2, 7
945, 9, 6, 9, 9, 9, 4, 4, 3
946, 3, 5, 5, 4, 3, 7, 4, 7
947, 1, 6, 9, 2, 5, 3, 9, 7
948, 6, 2, 1, 2, 6, 6, 3, 2
949, 7, 6, 1, 8, 7, 5, 9, 5
950, 1, 6, 9, 2, 1, 2, 5, 7
951, 2, 7, 3, 0, 3, 7, 9, 9
952, 4, 9, 3, 6, 1, 9, 3, 9
953, 6, 1, 9, 7, 2, 1, 6, 2
954, 4, 2, 5, 5, 1, 7, 3, 6
955, 6, 9, 6, 5, 7, 9, 9, 6
956, 6, 2, 9, 4, 6, 9, 0, 0
957, 1, 1, 2, 4, 5, 9, 3, 5
958, 5, 7, 6, 6, 3, 4, 1, 6
959, 5, 1, 3, 5, 5, 2, 6, 8
960, 9, 6, 6, 1, 8, 3, 2, 4
961, 6, 1, 7, 0, 8, 4, 5, 1
962, 1, 4, 8, 1, 9, 1, 5, 0
963, 5, 8, 9, 1, 1, 6, 8, 6
964, 3, 4, 0, 0, 5, 3, 2, 2
965, 0, 5, 2, 0, 7, 1, 0, 7
966, 5, 4, 5, 6, 1, 9, 6, 7
967, 6, 0, 5, 2, 5, 6, 1, 3
968, 5, 4, 8, 8, 1, 4, 6, 9
969, 0, 3, 2, 2, 1, 5, 8, 1
970, 2, 4, 7, 8, 9, 3, 3, 1
971, 9, 1, 9, 8, 5, 9, 1, 0
972, 9, 1, 8, 8, 3, 2, 7, 5
973, 3, 1, 5, 2, 9, 2, 8, 6
974, 6, 5, 7, 3, 1, 3, 6, 0
975, 1, 1, 6, 3, 0, 3, 4, 0
976, 8, 1, 9, 2, 2, 6, 3, 4
977, 3, 5, 2, 0, 2, 9, 5, 7
978, 2, 0, 9, 0, 4, 4, 0, 8
979, 5, 1, 6, 9, 8, 3, 3, 3
980, 9, 2, 8, 9, 2, 7, 0, 0
981, 5, 9, 8, 6, 6, 1, 2, 3
982, 1, 5, 1, 6, 1, 9, 5, 1
983, 7, 3, 3, 7, 7, 9, 0, 6
984, 6, 3, 3, 1, 2, 9, 0, 3
985, 6, 9, 3, 5, 4, 2, 4, 7
986, 7, 7, 4, 1, 6, 7, 0, 0
987, 5, 9, 9, 2, 2, 6, 9, 5
988, 1, 9, 3, 3, 3, 9, 0, 2
989, 0, 0, 6, 9, 4, 5, 4, 9
990, 9, 6, 6, 4, 7, 8, 9, 6
991, 6, 6, 2, 4, 9, 3, 4, 5
992, 2, 0, 0, 0, 7, 1, 5, 4
993, 1, 8, 9, 3, 6, 6, 7, 6
994, 1, 5, 8, 4, 4, 0, 6, 0
995, 6, 5, 6, 2, 9, 0, 8, 3
996, 5, 8, 6, 8, 6, 6, 6, 4
997, 6, 3, 3, 6, 1, 3, 7, 6
998, 7, 5, 0, 4, 4, 3, 5, 9
999, 2, 2, 3, 6, 3, 6, 8, 1
1000, 2, 8, 7, 6, 1, 9, 8, 1
